排名 学号 姓名 语文 数学 英语 总分
01  2012  c  100  98  99  297
02  2010  o  99  98  99  294
03  2016  i  99  98  99  291
04  2018  a  99  98  97  277
05  2015  f  99  95  97  276
06  2021  b  99  89  89  276
07  2022  j  90  89  89  274
08  2024  g  89  89  88  267
09  2014  l  89  89  88  262
10  2013  n  86  88  86  254
11  2020  e  86  87  86  253
12  2017  d  80  79  86  251
13  2019  m  76  78  77  244
14  2023  k  76  78  69  233
15  2011  h  76  69  45  210
语文排名
01  c   100
02  o   99
03  i   99
04  a   99
05  f   99
06  b   99
07  j   90
08  g   89
09  l   89
10  n   86
11  e   86
12  d   80
13  m   76
14  k   76
15  h   76
数学排名
01  c   98
02  o   98
03  i   98
04  a   98
05  f   95
06  b   89
07  j   89
08  g   89
09  l   89
10  n   88
11  e   87
12  d   79
13  m   78
14  k   78
15  h   69
英语排名
01  c   99
02  o   99
03  i   99
04  a   97
05  f   97
06  b   89
07  j   89
08  g   88
09  l   88
10  n   86
11  e   86
12  d   86
13  m   77
14  k   69
15  h   45
查找结果
2020 e 86 87 86 253
